15 15
8 10 8 8 7 9 9 5 4 8 11 8 4 10 6
8 5 5 2 6 9 12 10 9 10 8 8 7 9 7
1 1 1 1 18 18 18 18 33 33 33 33 46 50 50 
2 2 1 1 19 19 19 19 24 35 35 33 46 51 50 
2 3 10 10 10 10 19 24 24 35 35 35 46 51 50 
3 3 11 11 10 22 24 24 34 34 34 43 46 46 50 
3 3 11 11 10 22 20 29 29 36 36 43 43 52 54 
4 4 12 11 20 20 20 30 29 36 36 43 43 52 54 
4 4 12 12 12 23 20 30 29 29 40 44 44 44 44 
4 4 13 13 13 23 25 31 31 29 40 40 47 44 44 
5 5 5 14 14 23 25 26 31 37 37 40 47 47 47 
5 5 5 15 21 21 26 26 26 38 38 40 47 53 47 
6 8 8 15 15 21 27 26 26 38 38 45 45 53 55 
6 6 8 15 15 16 27 27 32 38 41 41 48 53 55 
6 6 6 16 16 16 27 32 32 39 42 42 48 53 49 
7 7 7 17 17 17 28 28 28 39 42 42 48 53 49 
7 9 9 9 9 17 17 28 28 28 42 42 49 49 49 
