15 15
6 9 8 9 8 7 7 8 3 7 3 9 9 8 11
4 10 11 11 7 8 4 8 8 6 7 6 9 7 6
1 1 7 13 13 13 24 24 24 24 40 40 48 48 48 
1 7 7 8 8 13 13 25 32 32 35 40 48 48 53 
1 8 8 8 17 21 25 25 32 32 35 43 48 52 53 
2 2 2 8 17 21 21 25 33 35 35 43 43 52 52 
3 3 2 2 14 21 22 25 33 35 41 43 49 49 52 
3 9 9 14 14 22 22 28 28 35 41 43 43 49 52 
3 9 9 14 14 22 22 29 29 29 41 41 41 50 50 
3 9 9 11 18 18 18 18 18 36 41 44 50 50 50 
4 4 11 11 11 11 19 18 30 36 30 44 44 44 54 
4 10 10 15 19 19 19 30 30 30 30 45 45 51 54 
5 5 10 15 15 19 26 26 26 37 42 42 51 51 54 
5 10 10 15 20 20 26 26 26 37 42 42 51 51 55 
5 5 12 12 20 20 27 31 34 38 42 46 46 46 55 
6 6 12 16 16 23 27 31 34 38 42 46 46 46 55 
6 6 12 16 16 23 23 23 34 39 39 47 47 47 47 
