15 15
13 11 6 6 6 6 8 2 10 11 3 7 5 9 9
5 7 9 7 7 8 11 9 8 9 4 10 6 8 4
1 1 12 12 14 14 14 31 31 31 41 41 41 53 53 
1 1 13 14 14 21 27 27 31 31 31 48 48 54 54 
1 2 13 15 14 21 28 27 35 35 42 42 48 54 54 
2 2 13 15 21 21 28 29 35 35 42 42 48 54 58 
3 3 3 15 15 15 29 29 35 35 39 49 48 54 58 
3 3 3 16 16 16 16 29 36 39 39 49 49 55 55 
4 9 9 9 9 9 16 29 36 36 43 43 49 55 55 
4 10 10 17 17 24 16 32 36 36 43 44 44 55 55 
4 4 10 18 22 24 24 32 32 32 43 44 50 56 56 
4 4 10 18 22 24 24 33 32 32 44 44 50 56 57 
5 5 10 19 22 22 30 33 37 37 45 45 51 57 57 
6 6 7 19 22 22 30 33 38 38 38 38 51 57 57 
7 7 7 7 23 23 23 33 38 38 46 46 46 52 57 
8 8 7 20 20 25 25 34 34 40 47 47 46 52 52 
8 11 11 20 20 26 26 34 34 40 47 47 52 52 52 
