15 15
8 12 7 6 6 6 5 10 5 9 7 6 9 11 7
9 11 5 6 6 7 9 14 5 6 7 5 8 8 8
1 8 8 16 16 23 23 27 34 39 39 50 50 55 55 
1 8 8 8 17 17 27 27 34 39 39 50 50 55 55 
1 8 10 10 17 17 27 31 35 35 43 43 43 55 55 
2 2 11 11 18 17 27 31 31 31 31 51 51 56 56 
2 2 11 11 18 18 18 18 36 31 44 52 52 56 56 
3 3 12 12 19 19 28 18 36 36 44 53 53 57 57 
3 3 12 12 20 20 28 28 28 28 45 45 45 57 59 
3 3 13 13 20 20 28 32 32 40 40 45 45 57 59 
4 5 13 13 21 20 29 29 37 37 37 37 45 58 58 
4 5 5 13 21 21 29 29 37 37 46 46 46 58 58 
5 5 9 14 22 21 29 33 33 41 41 41 46 46 46 
5 9 9 14 22 24 24 33 38 42 47 47 54 54 60 
6 6 14 14 22 25 25 33 38 42 48 47 54 54 60 
7 7 15 15 15 15 30 30 26 42 48 48 48 54 60 
7 7 7 15 15 26 26 26 26 26 49 49 48 54 60 
