15 15
7 8 3 5 10 6 6 7 9 6 7 9 9 11 10
10 9 10 8 8 11 7 9 8 4 2 1 6 9 11
1 1 12 12 12 12 27 27 27 39 45 45 50 50 59 
2 1 1 12 17 17 28 28 27 39 39 50 50 50 59 
2 3 1 17 17 17 29 29 27 40 39 39 50 55 55 
3 3 3 18 18 17 25 29 29 40 46 39 52 55 55 
4 3 13 13 9 25 25 29 36 40 46 46 52 56 56 
4 9 9 9 9 25 25 36 36 36 46 46 52 51 56 
4 4 14 9 20 20 30 30 36 41 41 51 51 51 56 
4 4 14 14 20 26 30 31 31 41 41 47 47 56 56 
5 5 14 14 14 26 31 31 37 42 47 47 47 53 53 
6 10 15 15 21 26 32 32 37 42 48 48 53 53 60 
6 10 15 15 21 26 33 33 33 42 48 43 43 57 60 
7 7 15 19 22 22 34 33 33 43 43 43 43 57 57 
7 11 11 19 23 23 34 35 35 38 38 38 54 54 58 
8 8 11 11 11 23 34 35 38 38 49 49 49 58 58 
8 8 16 16 24 24 35 35 35 44 44 49 49 58 58 
