15 15
9 6 4 10 11 4 7 5 7 7 6 7 9 8 13
8 10 8 6 6 8 7 8 9 7 9 3 4 10 10
1 8 8 16 16 16 29 32 32 38 38 48 48 48 58 
1 8 8 11 11 16 29 30 33 38 39 48 48 48 58 
2 2 11 11 11 25 30 30 33 33 39 49 49 49 59 
2 2 9 9 17 25 25 25 33 39 39 40 51 51 59 
2 9 9 17 17 26 26 33 33 40 40 40 51 51 59 
2 10 12 17 22 22 22 22 22 37 37 37 52 52 59 
3 10 12 18 18 27 23 34 37 37 37 41 52 50 59 
3 3 13 19 19 27 23 34 35 41 41 41 50 50 59 
4 3 13 19 23 23 23 35 35 41 41 50 50 55 55 
4 3 3 19 19 24 24 35 35 42 42 42 53 53 53 
4 4 5 20 24 24 24 31 35 43 43 47 54 54 54 
4 5 5 20 20 20 24 31 31 44 43 47 47 56 54 
5 5 14 21 21 21 31 31 31 44 47 47 47 56 57 
6 6 14 15 21 28 28 36 36 45 45 45 45 57 57 
7 7 15 15 15 28 28 28 36 46 46 45 45 57 57 
