15 15
9 10 9 7 7 8 5 5 5 11 8 9 10 6 8
6 11 6 9 6 5 10 9 6 9 9 8 8 8 7
1 1 10 10 17 17 17 17 33 33 41 41 50 52 52 
1 8 8 10 18 18 24 24 33 33 33 41 50 52 52 
2 8 10 10 19 19 25 24 34 34 33 41 41 53 52 
2 2 11 11 11 11 25 30 30 35 42 41 44 53 52 
2 3 11 11 20 20 26 30 30 35 42 43 44 54 54 
3 3 3 12 12 20 26 30 30 35 43 43 44 55 55 
3 3 4 12 21 21 27 27 35 35 44 44 44 55 55 
4 4 4 12 21 21 28 28 28 38 45 45 45 56 55 
5 5 12 12 21 21 29 28 28 38 38 45 45 56 59 
5 5 13 15 15 15 29 31 31 31 38 47 47 51 59 
5 5 13 15 15 22 29 31 36 36 39 48 51 51 58 
6 6 14 14 16 22 29 31 36 39 39 48 51 51 58 
7 7 14 14 16 16 29 32 37 37 37 37 37 57 58 
7 9 9 14 16 23 23 32 32 40 46 37 49 57 58 
7 9 9 16 16 23 23 32 32 40 46 49 49 58 58 
