15 15
6 6 5 10 9 11 8 6 11 7 11 6 4 7 10
10 9 5 5 5 7 10 8 10 8 6 7 6 10 11
1 1 9 13 13 22 22 22 22 35 35 42 42 49 49 
1 9 9 13 13 13 13 22 22 36 35 42 42 42 52 
2 9 9 14 14 17 25 30 30 36 35 35 43 42 52 
2 2 2 14 17 17 25 30 32 36 35 43 43 50 52 
3 3 3 14 18 18 25 25 32 32 39 39 39 50 50 
4 4 11 11 19 19 19 25 33 32 32 39 44 44 50 
5 5 5 5 5 19 26 26 33 34 40 40 44 44 50 
6 6 12 12 20 19 23 26 34 34 40 40 44 44 50 
6 6 12 12 20 23 23 31 31 31 40 40 45 51 51 
6 6 12 15 21 21 23 23 31 31 31 41 45 51 51 
7 7 7 15 15 24 27 27 27 37 41 41 46 46 47 
7 10 10 15 15 24 28 28 28 37 37 41 41 46 47 
8 8 10 16 16 24 28 28 29 37 37 41 47 47 47 
8 8 10 16 16 24 24 29 29 38 38 38 48 48 53 
8 8 10 10 16 24 29 29 29 38 38 38 48 48 53 
