15 15
5 10 9 8 7 9 2 6 14 4 8 10 7 8 7
9 9 12 4 10 6 7 10 6 6 4 6 6 7 12
1 8 11 11 11 11 26 26 31 37 37 42 42 54 54 
1 8 9 9 22 22 26 31 31 37 42 42 48 55 55 
2 9 9 9 22 22 26 31 31 37 42 42 48 48 48 
2 2 12 17 17 22 27 27 33 37 43 46 46 46 59 
2 10 12 12 23 23 23 23 33 37 43 43 49 49 59 
2 10 13 13 13 23 28 28 33 33 43 43 49 56 56 
2 10 3 18 18 18 28 28 33 34 44 44 49 56 56 
3 3 3 18 18 18 28 28 34 34 34 34 50 50 56 
4 4 3 3 24 24 29 32 32 38 38 47 51 51 56 
4 5 14 14 19 19 29 32 32 39 39 47 51 51 51 
5 5 5 19 19 19 29 29 32 40 40 47 52 57 57 
5 5 15 15 15 25 25 25 32 40 40 45 52 58 58 
6 6 15 15 15 25 25 30 35 35 45 45 52 58 53 
6 6 16 20 20 25 30 30 36 41 41 45 45 45 53 
7 7 16 21 21 21 21 21 36 36 36 36 53 53 53 
