15 15
4 8 11 5 8 8 8 7 10 9 1 6 8 10 9
11 7 3 5 7 8 8 11 10 6 3 5 11 8 9
1 1 10 10 10 21 21 26 26 26 38 42 46 46 46 
2 2 10 10 14 21 21 27 26 26 38 42 42 46 53 
2 2 2 14 14 14 21 27 30 34 34 34 34 47 53 
3 3 2 14 18 18 18 27 30 30 34 34 47 47 47 
3 3 11 11 19 19 19 27 30 30 31 43 43 47 47 
4 4 12 12 12 19 19 19 31 31 31 43 35 51 51 
4 4 12 12 12 22 22 22 32 35 35 35 35 44 54 
4 4 8 15 15 15 23 23 32 32 36 44 44 44 54 
5 8 8 16 16 23 23 23 33 32 36 45 45 45 54 
5 8 8 17 16 16 16 23 33 32 36 45 48 48 54 
6 6 9 17 17 24 24 24 33 36 36 45 45 52 52 
6 9 9 17 20 24 24 24 28 28 39 39 49 49 49 
6 9 9 13 20 20 20 28 28 28 40 40 40 49 49 
6 6 13 13 20 20 25 29 29 37 37 40 40 50 50 
7 7 7 7 7 7 25 25 25 25 41 41 50 50 50 
