15 15
8 10 7 7 3 7 10 6 7 5 4 9 11 8 11
6 6 4 6 3 11 9 9 7 6 14 10 7 6 9
1 8 8 14 14 14 19 19 26 38 38 38 48 48 48 
1 8 8 15 19 19 19 26 26 38 38 38 48 50 50 
1 2 10 15 15 15 26 26 33 39 39 39 44 50 50 
2 2 10 10 20 20 20 30 33 33 39 44 44 44 44 
3 3 3 9 20 20 20 30 30 40 42 42 42 42 44 
3 9 9 9 21 24 24 27 30 40 40 45 45 51 51 
4 4 4 9 21 24 27 27 31 41 41 41 45 51 51 
4 4 4 16 16 16 27 31 31 31 31 41 45 52 51 
5 5 11 11 11 11 11 32 32 32 32 46 46 52 55 
5 5 5 5 22 22 28 32 32 34 34 47 46 46 55 
6 6 12 12 17 25 28 28 34 34 34 47 46 53 53 
6 6 12 17 17 25 28 28 35 35 43 47 46 53 53 
7 6 6 17 17 23 28 29 36 35 43 47 49 49 53 
7 7 13 18 23 23 29 29 36 35 43 47 49 49 53 
7 7 13 18 18 18 18 29 37 37 37 47 49 54 54 
