15 15
12 9 7 6 5 6 11 7 4 4 10 8 11 6 7
8 12 8 6 5 12 4 5 6 7 5 8 10 11 6
1 1 1 1 13 22 22 22 32 36 36 36 43 52 52 
2 2 1 1 13 23 23 23 32 32 32 43 43 53 53 
2 2 8 13 13 24 24 23 33 32 32 44 43 54 54 
2 2 8 8 18 18 27 27 33 37 37 44 43 54 58 
3 8 8 14 14 18 27 27 33 37 41 41 48 48 58 
3 9 9 14 14 18 25 27 34 34 34 34 49 49 59 
3 4 9 15 19 19 25 30 30 38 38 45 49 55 59 
4 4 11 15 19 11 25 30 30 38 38 45 49 55 59 
4 4 11 11 11 11 25 30 30 38 42 46 46 46 56 
5 10 12 12 20 25 25 31 35 38 42 47 47 56 56 
5 10 12 16 20 20 20 31 35 35 42 47 47 56 60 
5 5 6 16 20 26 26 31 35 35 42 47 47 56 60 
5 5 6 16 21 21 28 28 35 39 42 42 50 50 50 
6 6 6 16 17 21 28 28 28 39 40 40 51 50 50 
7 7 7 17 17 17 29 29 29 40 40 40 51 57 57 
