15 15
14 13 9 6 7 3 10 9 7 8 7 7 6 4 5
8 10 13 6 5 10 8 8 9 1 9 3 5 9 11
1 7 7 11 11 17 24 24 24 34 37 37 37 49 54 
1 1 7 11 17 17 24 24 30 34 34 34 47 49 54 
1 1 8 12 18 18 18 18 30 30 30 34 47 50 50 
2 8 8 12 12 20 20 25 25 30 30 43 43 43 50 
2 8 8 12 13 20 25 25 25 35 35 43 43 43 50 
2 2 8 13 13 20 26 26 26 28 38 44 44 51 51 
2 2 3 13 13 14 26 28 28 28 38 44 44 52 52 
3 3 3 14 14 14 21 29 31 31 38 38 44 52 55 
3 3 9 9 14 21 21 29 29 31 39 39 39 53 55 
4 4 4 9 19 22 22 29 29 29 40 40 40 53 53 
5 5 9 9 19 23 23 23 32 32 41 41 41 53 53 
5 5 9 15 15 15 15 23 32 36 36 36 48 53 56 
6 6 10 10 16 15 15 23 32 32 42 42 48 48 56 
6 6 10 10 16 16 27 27 33 33 33 45 45 48 48 
6 6 10 16 16 16 27 27 27 27 33 46 46 46 48 
