15 15
9 9 10 8 11 8 9 7 6 7 7 6 8 7 3
7 10 9 7 6 8 8 6 7 9 5 6 6 9 12
1 1 11 14 20 20 26 30 30 40 40 49 49 55 55 
1 1 11 14 20 20 26 30 30 31 31 49 51 51 55 
2 2 11 15 20 23 23 31 31 31 31 41 51 51 61 
3 3 3 15 15 15 23 23 35 41 41 41 51 51 61 
3 3 3 16 16 16 27 23 35 42 41 45 45 56 56 
4 4 12 16 21 21 27 27 35 42 45 45 45 57 57 
4 4 12 12 17 21 21 32 32 43 43 43 45 58 58 
4 8 8 8 17 17 28 28 36 36 43 43 43 59 62 
5 8 8 17 17 24 24 28 37 37 37 50 50 59 62 
5 5 13 18 18 24 24 33 37 37 46 46 52 52 52 
5 6 13 19 18 24 24 33 38 38 38 46 52 53 53 
5 6 13 19 19 25 29 33 38 44 44 46 53 53 53 
6 6 9 19 19 25 29 29 39 39 47 47 54 54 63 
7 9 9 10 19 22 22 34 39 39 48 47 54 60 63 
7 10 10 10 22 22 22 34 39 39 48 48 54 60 63 
