15 15
6 5 10 6 8 6 9 9 8 5 4 9 11 13 4
9 6 6 6 7 8 9 8 5 3 9 10 11 8 8
1 1 11 11 11 24 24 30 30 30 42 47 47 47 55 
2 2 2 11 11 24 24 31 31 31 42 43 43 47 55 
2 3 2 2 20 24 25 31 34 31 43 43 43 47 47 
3 3 12 12 20 25 25 21 34 31 44 43 50 50 50 
3 4 4 16 21 21 21 21 35 35 44 48 50 50 50 
4 4 4 16 22 22 22 21 35 39 39 48 48 48 56 
5 5 13 17 17 26 22 28 28 39 36 48 51 51 56 
5 5 13 6 17 26 28 28 36 36 36 45 45 51 51 
6 6 6 6 17 26 26 26 32 36 45 45 45 52 52 
7 7 14 14 14 26 27 32 32 40 40 40 52 52 52 
7 7 15 15 14 27 27 32 32 37 40 49 49 54 52 
7 9 9 9 9 27 27 33 37 37 46 49 49 54 57 
8 9 9 18 18 23 29 33 33 33 46 49 49 53 57 
8 10 10 19 23 23 29 29 29 41 41 41 53 53 57 
8 10 10 19 23 23 23 29 38 38 41 41 41 53 57 
