15 15
10 12 7 6 1 7 10 8 6 9 12 11 6 5 4
6 9 11 6 5 6 8 12 11 7 5 8 8 6 6
1 1 11 16 19 19 19 31 31 31 31 46 49 49 49 
1 1 11 16 19 20 30 30 30 30 31 46 49 55 55 
2 1 12 12 20 20 23 32 30 30 31 43 49 55 55 
2 7 7 7 21 23 23 32 33 33 43 43 49 55 50 
2 8 8 7 21 23 23 33 33 33 43 43 50 50 50 
2 2 8 17 17 17 23 33 36 36 36 36 51 51 51 
3 2 13 13 22 24 24 34 34 36 44 47 47 51 51 
3 3 13 13 22 22 25 25 37 37 44 45 52 52 52 
4 3 13 13 14 25 25 25 37 37 45 45 52 56 56 
4 3 14 14 14 26 26 26 38 38 45 45 45 56 57 
5 5 15 15 15 15 15 26 39 38 41 41 53 57 57 
5 5 5 5 15 27 27 26 39 41 41 41 53 57 57 
6 9 9 9 18 28 28 35 35 41 42 48 54 54 54 
6 10 10 18 18 18 29 29 40 42 42 48 48 58 58 
6 10 10 18 18 29 29 29 40 42 42 48 48 58 58 
