15 15
6 11 6 5 10 4 4 8 12 8 4 8 5 13 12
12 10 7 4 7 7 3 6 7 9 5 8 5 14 12
1 1 1 15 21 21 30 30 32 32 44 44 44 58 58 
1 1 1 15 16 16 25 30 32 41 41 44 54 58 58 
2 2 13 16 16 16 25 32 32 41 41 45 54 58 58 
3 3 13 17 17 25 25 25 33 41 45 45 54 55 63 
3 3 13 13 22 22 25 33 33 42 45 46 46 55 63 
4 3 13 13 23 26 26 26 26 42 46 46 55 55 55 
4 3 14 14 23 26 27 34 34 38 47 50 50 59 59 
4 8 8 18 18 27 27 35 38 38 47 47 47 59 60 
4 9 9 19 19 27 27 35 38 38 48 48 56 60 60 
4 10 10 19 19 28 28 35 39 38 48 51 56 60 60 
5 5 11 11 19 28 28 28 39 39 49 51 56 61 61 
6 11 11 11 19 29 31 31 39 39 49 52 57 61 61 
6 12 11 20 20 29 29 36 36 36 40 52 57 61 61 
7 12 12 7 24 24 24 37 40 40 40 53 53 62 62 
7 7 7 7 24 24 24 37 40 43 43 53 53 62 62 
