15 15
7 5 11 10 8 8 6 8 3 5 7 10 9 6 11
6 10 6 8 6 9 13 4 7 4 8 7 7 9 10
1 1 1 15 15 15 15 32 32 39 39 48 48 58 58 
2 2 1 15 15 24 24 33 33 40 40 48 48 58 58 
2 2 1 1 18 18 27 27 33 33 40 48 48 58 58 
2 8 11 11 11 25 27 27 35 33 46 46 54 54 54 
3 8 11 16 11 25 28 27 35 36 46 49 49 49 54 
3 3 11 16 19 19 28 29 36 36 47 49 55 55 54 
4 4 4 16 19 19 20 29 37 37 47 47 55 55 54 
4 9 12 16 20 20 20 29 34 34 47 50 50 59 59 
4 9 12 12 12 20 29 29 34 41 41 50 50 59 60 
4 9 12 12 21 21 30 34 34 42 42 42 56 56 60 
5 5 13 13 13 13 30 30 34 43 43 51 51 60 60 
6 6 13 17 22 13 30 30 30 44 44 44 57 57 61 
6 6 6 17 22 26 26 26 38 38 44 44 57 57 61 
7 10 14 14 23 26 26 26 38 45 45 52 52 52 53 
7 10 14 14 23 23 31 31 38 38 45 53 53 53 53 
