15 15
7 5 4 7 10 11 10 3 7 8 8 2 10 10 10
7 8 6 4 10 11 10 6 5 10 9 4 7 5 10
1 8 8 13 13 22 22 22 30 35 35 42 45 45 45 
1 8 8 14 14 22 22 22 30 30 30 42 43 45 45 
2 2 8 14 14 14 18 26 30 26 36 43 43 51 51 
2 2 10 10 18 18 18 26 26 26 36 43 46 46 46 
2 2 10 10 18 18 23 23 23 36 36 43 44 44 44 
3 3 3 10 10 23 23 27 27 36 36 44 44 44 47 
3 3 3 15 19 19 19 28 27 37 37 37 47 47 47 
4 4 4 15 19 19 19 28 31 31 31 37 47 47 52 
4 4 4 15 16 24 24 28 28 38 38 37 37 52 52 
5 5 5 16 16 24 24 28 29 38 38 38 48 48 53 
5 5 5 11 16 20 24 29 29 39 39 39 49 53 53 
6 6 11 11 20 20 20 29 32 32 40 39 49 49 53 
6 6 9 9 21 21 21 25 33 34 40 40 49 49 49 
6 9 9 17 17 17 25 25 33 34 41 41 50 54 54 
7 7 12 12 17 17 25 25 34 34 34 41 50 50 50 
