15 15
4 5 7 8 11 13 9 7 6 2 7 7 2 10 14
9 6 6 8 7 4 7 7 10 9 4 6 9 9 11
1 8 11 11 19 19 19 30 32 37 37 45 50 50 50 
1 8 8 11 11 23 23 30 32 32 38 45 45 50 50 
1 8 8 11 20 15 23 30 30 38 38 46 45 56 56 
2 2 12 11 20 15 27 27 27 38 38 46 51 51 56 
2 2 12 15 15 15 27 27 27 39 39 46 51 51 51 
3 3 13 13 13 24 24 31 31 40 43 47 47 57 57 
4 3 3 13 13 25 25 25 31 40 43 43 52 57 57 
4 4 3 16 16 25 25 25 31 31 41 48 52 52 57 
4 4 3 17 21 21 21 21 33 33 41 48 48 58 57 
5 9 9 17 22 22 21 21 33 41 41 48 53 58 58 
5 6 9 9 22 22 28 28 34 34 34 34 53 58 58 
6 6 9 18 18 22 22 29 35 42 44 34 53 58 59 
7 10 10 10 10 10 29 29 35 42 44 49 54 54 59 
7 7 14 14 14 10 29 29 36 42 44 49 49 59 59 
7 7 14 14 14 26 26 26 36 42 44 44 55 55 59 
