15 15
6 6 7 7 5 8 10 7 11 9 9 6 4 10 9
12 9 3 7 8 11 6 11 8 6 2 8 11 9 3
1 8 12 12 18 18 18 29 29 40 42 42 42 42 56 
1 8 12 12 12 12 23 29 29 40 40 40 42 42 56 
2 8 8 15 15 23 23 29 32 32 32 32 47 47 57 
2 2 2 2 19 19 19 19 33 33 32 45 47 48 57 
3 9 9 2 20 20 20 27 34 34 34 45 48 48 48 
3 3 13 13 21 21 27 27 34 34 34 45 45 48 48 
3 3 13 13 16 21 21 30 35 35 43 43 49 52 52 
4 3 13 13 16 24 24 30 36 36 36 43 49 53 53 
4 10 10 16 16 25 24 30 37 37 36 36 49 53 53 
5 10 10 10 16 25 24 26 37 37 41 36 50 50 53 
5 5 5 10 16 24 24 26 26 41 41 46 46 46 46 
6 11 11 14 14 26 26 26 38 38 38 46 51 54 54 
6 11 14 14 14 14 28 28 38 39 38 46 51 51 54 
6 11 11 17 17 17 28 31 39 39 39 39 39 54 54 
7 7 7 7 22 22 28 31 31 31 44 44 44 55 55 
