15 15
9 9 9 9 4 5 6 10 10 7 6 9 11 6 6
8 12 11 7 3 6 7 9 9 8 8 8 13 4 3
1 1 1 11 11 23 23 23 29 29 40 40 40 51 51 
2 2 11 11 11 23 23 29 29 29 40 40 40 52 52 
2 2 12 14 14 23 24 30 30 29 41 41 41 52 52 
2 2 12 12 14 24 24 30 34 37 42 42 46 53 52 
3 3 12 12 14 24 24 18 34 37 37 37 46 53 53 
3 3 13 13 14 18 18 18 31 31 31 46 46 49 56 
3 7 7 13 18 18 27 31 31 38 38 47 49 49 56 
4 4 4 15 15 19 27 27 35 35 35 47 49 49 56 
4 4 8 15 19 19 19 32 32 32 43 47 48 48 54 
5 8 8 9 20 25 25 32 36 36 43 48 48 48 54 
5 9 9 9 20 25 25 32 36 36 44 44 48 54 54 
5 10 9 9 20 20 20 32 36 36 45 44 44 44 44 
5 10 10 16 21 21 21 33 33 33 45 45 50 50 55 
6 6 6 16 22 22 28 28 33 33 39 39 50 50 55 
6 6 6 17 17 26 26 28 33 39 39 39 39 55 55 
