15 15
7 6 -1 8 10 7 4 -1 8 8 7 -1 -1 12 -1
9 8 -1 10 11 -1 -1 8 10 8 -1 -1 8 -1 8
1 1 11 15 15 15 21 21 32 32 40 40 48 48 55 
1 1 11 11 15 21 21 21 32 32 32 40 48 48 55 
2 2 2 2 15 21 22 22 32 37 37 40 49 49 55 
2 2 12 12 18 18 22 22 33 33 37 40 49 49 55 
3 7 12 12 18 22 22 29 29 33 37 43 49 49 56 
3 7 7 12 18 18 26 29 29 33 41 43 44 44 56 
3 8 8 8 8 23 26 29 29 38 41 44 44 44 56 
3 3 9 16 16 23 27 27 34 38 41 44 50 50 50 
3 9 9 17 17 17 24 30 34 39 39 39 51 50 50 
4 4 9 17 17 24 24 30 30 30 30 45 51 46 50 
4 10 9 17 19 25 24 31 35 35 42 45 46 46 54 
4 10 13 13 19 25 28 31 35 35 42 46 46 54 54 
5 10 14 13 13 25 28 31 36 35 42 47 52 52 52 
5 6 14 14 14 20 28 28 36 35 42 47 47 47 57 
6 6 6 6 20 20 28 28 36 36 36 47 53 53 57 
