15 15
-1 13 3 -1 9 9 -1 4 -1 7 9 -1 -1 5 -1
7 -1 3 -1 -1 7 8 8 9 7 9 -1 12 8 12
1 1 11 11 18 18 18 32 32 32 45 45 52 52 60 
2 2 2 18 18 21 28 28 32 41 45 45 52 52 60 
3 8 12 12 21 21 28 28 28 41 46 46 53 53 60 
3 8 13 13 22 22 25 33 33 33 46 46 54 54 48 
3 8 13 13 22 25 25 34 37 37 46 48 48 48 48 
4 4 14 19 19 19 25 34 37 42 42 48 55 55 55 
5 5 14 14 19 19 25 25 37 37 42 42 49 58 55 
5 5 15 15 15 15 29 29 38 38 38 49 49 58 55 
5 5 15 15 23 26 26 29 39 43 38 49 49 49 55 
6 6 16 16 23 23 26 29 39 43 38 50 56 56 56 
6 9 9 9 23 23 30 35 35 35 44 50 50 50 56 
7 9 9 9 23 27 30 35 36 44 44 44 57 57 56 
7 7 17 20 20 27 31 35 36 44 44 51 51 59 56 
7 7 17 20 20 24 31 36 36 36 47 51 51 59 61 
7 10 10 20 24 24 31 31 40 40 47 51 51 59 61 
