15 15
7 6 7 6 9 8 7 9 10 11 7 8 6 7 7
5 10 5 6 12 6 6 5 7 9 10 8 9 8 9
1 9 12 14 14 24 24 31 35 35 41 41 49 49 49 
1 9 12 15 15 25 24 31 35 35 35 41 41 52 52 
2 2 2 15 15 25 26 31 36 36 36 36 50 52 52 
3 3 2 2 2 26 26 31 36 36 42 42 50 50 50 
3 3 3 16 16 26 26 26 37 37 42 42 50 53 53 
4 4 4 17 17 17 28 32 37 37 43 43 50 53 53 
5 5 4 17 17 20 28 32 32 32 43 43 43 46 56 
5 5 5 18 20 20 28 32 32 39 39 39 46 46 56 
6 6 6 18 21 21 29 29 29 40 40 46 46 46 56 
6 6 6 18 18 21 29 33 33 38 40 47 47 54 54 
7 7 7 10 22 22 29 30 33 38 44 47 47 54 54 
7 7 10 10 22 22 30 30 33 38 44 48 47 55 55 
8 10 10 10 23 27 27 30 38 38 45 48 48 51 55 
8 11 13 19 23 23 27 27 34 34 45 45 51 51 55 
8 11 13 19 23 23 27 34 34 34 45 45 51 51 55 
