15 15
9 -1 6 8 -1 8 7 -1 7 7 -1 7 -1 8 6
8 4 -1 9 14 -1 9 8 -1 -1 -1 6 -1 10 8
1 6 6 6 11 20 20 20 20 38 38 38 47 53 53 
1 1 11 11 11 21 21 30 30 30 30 38 47 53 53 
1 7 7 15 15 21 21 21 30 30 38 38 48 48 48 
1 7 7 15 15 22 22 22 32 32 32 45 45 48 48 
2 2 2 15 15 23 23 23 32 32 32 45 49 49 49 
2 2 2 16 18 18 27 28 33 33 39 39 49 49 49 
3 3 12 16 18 18 27 28 34 39 39 39 50 50 50 
3 3 12 16 16 16 28 28 34 34 42 42 50 50 55 
3 8 8 8 8 8 28 28 34 34 43 43 43 43 55 
4 9 13 13 13 13 24 31 35 35 43 43 51 51 55 
4 9 9 13 19 24 24 31 31 35 35 46 46 51 51 
5 5 14 14 19 19 19 31 29 40 40 40 40 54 51 
5 10 14 14 19 25 25 29 29 41 41 44 40 54 56 
5 10 14 17 17 17 29 29 36 36 44 44 44 52 56 
5 10 10 17 17 26 26 29 37 37 44 44 52 52 52 
