15 15
9 5 -1 8 8 8 -1 8 5 -1 9 5 8 -1 12
10 -1 -1 5 3 8 7 -1 -1 -1 7 -1 5 9 10
1 8 8 12 20 20 31 31 31 40 40 49 49 58 58 
1 8 8 12 12 20 26 26 31 31 40 50 49 55 58 
2 8 12 12 12 26 26 26 27 41 40 50 50 55 58 
2 2 13 13 21 27 27 27 27 41 45 45 55 55 58 
2 3 14 14 21 21 21 34 34 34 45 51 51 55 58 
3 3 14 16 16 16 32 32 37 37 45 52 52 59 59 
3 3 14 17 17 17 17 33 38 37 46 52 52 59 59 
4 4 4 9 9 9 33 33 38 42 46 46 52 59 59 
4 9 9 9 22 22 22 22 38 42 42 46 52 56 56 
5 5 15 15 18 28 28 28 35 42 47 46 56 56 56 
6 6 15 18 18 29 29 35 35 43 47 53 53 60 60 
6 6 15 18 23 23 23 35 35 43 48 53 53 60 60 
7 7 7 7 24 24 30 36 36 43 48 53 53 60 60 
7 10 10 19 19 30 30 36 39 43 44 54 57 57 57 
7 11 11 11 25 25 30 30 39 44 44 54 57 57 57 
