15 15
8 6 7 -1 10 -1 9 -1 10 7 -1 4 11 10 -1
7 -1 3 -1 9 6 4 8 -1 10 10 -1 8 9 -1
1 1 10 10 17 17 26 26 33 33 39 39 49 49 50 
1 1 10 14 17 17 27 27 33 39 39 39 50 50 50 
2 8 8 14 11 19 19 29 34 34 34 43 51 56 56 
2 2 2 11 11 19 19 29 35 40 43 43 51 56 56 
3 3 11 11 11 20 28 28 35 40 43 44 44 57 57 
3 3 4 4 15 20 21 21 21 21 44 44 44 57 57 
4 4 4 15 15 21 21 30 30 41 41 41 41 41 41 
4 5 5 12 12 22 22 30 36 36 45 45 52 58 59 
5 5 12 12 12 22 22 30 36 36 45 45 52 58 59 
6 5 13 16 16 22 22 30 36 42 46 46 46 53 53 
6 6 13 16 16 23 23 31 31 42 47 47 53 53 53 
6 6 13 16 16 24 23 31 31 42 48 48 54 54 54 
7 6 13 13 18 24 23 32 37 42 48 48 55 54 54 
7 9 9 13 18 25 23 32 37 38 38 48 55 54 55 
7 7 7 7 18 25 23 32 38 38 38 48 55 55 55 
