15 15
8 8 10 7 8 9 6 7 7 1 8 10 6 7 10
6 11 10 10 7 4 5 6 10 7 8 10 6 7 5
1 1 11 11 11 11 11 11 25 25 40 40 45 45 45 
1 1 1 16 16 16 25 25 25 35 40 40 46 46 45 
2 2 1 17 17 16 16 16 26 35 40 41 46 46 47 
3 3 9 17 17 23 26 26 26 34 41 41 47 47 47 
3 9 9 17 17 23 23 23 23 34 41 41 47 51 51 
3 9 12 18 18 23 27 27 34 34 36 41 48 51 51 
4 4 12 12 20 20 20 20 20 20 36 43 48 48 55 
4 4 13 13 21 24 24 32 32 36 36 43 48 52 55 
4 4 14 13 21 21 21 32 32 36 42 42 48 52 52 
5 5 14 13 21 21 28 28 29 36 42 42 48 49 49 
5 5 14 6 22 22 29 29 29 29 42 37 49 49 49 
6 6 6 6 15 22 29 30 30 37 37 37 44 53 53 
7 7 15 15 15 22 30 30 33 38 38 37 44 53 53 
8 8 10 19 19 22 30 33 33 38 39 44 44 54 54 
8 10 10 19 19 22 31 31 31 39 39 44 50 50 54 
