15 15
-1 8 12 7 -1 -1 7 -1 8 9 6 6 -1 9 12
10 8 -1 -1 8 -1 -1 7 -1 8 -1 7 6 7 -1
1 1 11 14 14 21 21 28 33 33 41 41 42 52 52 
1 9 11 14 18 21 21 28 33 33 42 42 42 42 42 
1 9 11 14 18 22 22 29 29 36 36 45 45 45 45 
1 9 11 14 18 18 23 29 29 36 36 46 46 53 53 
2 2 2 14 15 23 23 30 29 37 36 46 46 53 53 
2 2 2 3 15 24 23 30 31 37 37 46 49 49 53 
3 3 3 3 15 24 24 31 31 37 37 47 47 49 49 
4 4 4 15 15 24 24 31 31 32 43 47 47 54 49 
5 5 12 16 16 24 25 32 32 32 43 43 43 54 54 
5 5 12 16 16 25 25 25 34 34 43 48 50 55 55 
6 10 10 16 16 25 27 27 34 34 38 48 50 50 55 
6 10 10 17 17 17 19 19 34 38 38 48 51 51 51 
7 7 10 13 19 19 19 19 34 39 39 39 44 44 56 
8 7 13 13 20 20 26 26 35 35 44 44 44 56 56 
8 8 13 13 13 26 26 26 35 40 40 40 40 40 40 
