15 15
7 -1 -1 6 -1 8 8 5 -1 -1 6 6 -1 8 10
11 8 -1 4 7 6 8 -1 -1 -1 -1 12 -1 7 6
1 1 10 10 19 19 24 24 24 37 37 37 48 48 48 
1 1 10 16 19 19 25 25 24 37 37 37 48 48 48 
2 2 10 16 20 20 25 25 32 32 32 45 45 52 52 
2 2 11 16 20 20 26 26 32 32 41 41 41 53 53 
2 2 11 12 12 12 26 26 32 38 38 38 41 41 54 
3 3 12 12 21 21 21 26 33 33 34 46 46 54 54 
4 4 13 13 21 21 27 27 34 34 34 46 46 54 54 
4 4 13 17 17 21 27 27 34 39 39 39 47 55 55 
5 5 13 14 17 17 27 27 34 35 39 47 47 49 49 
5 5 14 14 17 23 28 28 35 35 35 42 49 49 49 
6 6 6 6 6 23 23 30 30 30 42 42 42 42 49 
6 9 15 15 22 22 22 22 36 36 42 43 50 50 50 
7 9 9 15 22 22 29 29 36 40 43 43 43 50 50 
7 9 9 15 15 18 18 31 36 40 43 44 51 56 56 
8 8 8 18 18 18 18 31 36 40 44 44 51 51 56 
