15 15
9 9 -1 7 8 -1 -1 -1 7 8 3 6 8 5 9
-1 5 9 -1 9 7 5 12 8 -1 -1 4 -1 8 -1
1 6 6 14 14 23 23 29 29 38 38 38 46 52 52 
1 6 6 6 14 14 23 23 34 34 38 46 46 52 52 
1 1 6 15 14 14 23 30 34 34 34 47 52 52 56 
1 1 11 15 15 24 24 30 30 30 42 47 47 47 56 
2 2 11 15 15 24 24 31 31 30 42 47 47 54 56 
2 2 12 12 20 20 20 31 31 39 39 48 48 54 54 
3 7 12 12 21 21 28 28 35 39 43 43 53 54 54 
3 7 7 7 21 25 25 32 35 35 35 35 53 53 57 
4 8 8 7 21 25 25 32 32 36 36 49 53 49 57 
4 8 8 16 22 22 25 26 36 36 44 49 49 49 57 
4 4 9 16 16 16 26 26 36 36 44 50 50 49 57 
5 9 9 16 16 26 26 26 33 40 40 45 45 55 55 
5 9 9 17 17 27 27 33 33 40 40 45 45 55 55 
5 10 13 18 18 27 27 33 37 41 45 45 51 55 58 
5 10 13 19 19 27 27 33 37 41 41 51 51 55 58 
