15 15
10 -1 -1 13 8 5 3 4 -1 9 12 -1 7 -1 10
8 9 -1 -1 5 -1 -1 -1 -1 6 8 12 -1 -1 11
1 1 1 1 15 15 25 25 31 31 31 39 46 46 50 
2 2 1 1 16 15 15 21 31 31 31 39 46 50 50 
2 2 9 9 16 21 21 21 21 35 39 39 46 50 51 
3 2 10 10 16 21 26 26 26 35 35 39 46 51 51 
3 2 4 10 16 22 22 22 32 33 40 40 47 51 51 
3 4 4 10 17 17 17 27 32 33 41 40 47 47 47 
4 4 4 10 11 11 27 27 33 33 41 40 40 42 47 
5 5 11 11 11 23 23 27 33 33 41 42 42 42 42 
5 5 12 12 18 18 18 29 29 36 36 42 48 48 52 
6 5 13 12 18 18 18 29 29 36 36 43 43 52 52 
6 7 13 12 19 24 24 29 29 36 36 43 49 49 52 
7 7 7 14 19 19 19 28 28 37 38 43 49 49 52 
7 7 14 14 19 19 28 28 28 37 38 43 49 44 44 
8 8 8 14 20 20 20 30 34 38 38 44 44 44 44 
8 8 8 14 20 20 20 30 34 38 38 45 45 45 45 
