15 15
4 9 9 -1 -1 6 11 -1 -1 3 -1 4 -1 12 -1
-1 -1 3 8 8 5 -1 -1 6 -1 7 -1 7 7 -1
1 8 12 12 12 21 21 29 29 33 37 37 46 46 49 
1 8 8 8 12 21 22 29 29 33 37 37 46 49 49 
1 9 9 9 14 22 22 22 29 33 38 38 38 38 49 
2 2 9 14 14 22 26 26 29 33 38 41 47 47 49 
2 10 10 15 14 14 26 26 31 31 31 41 42 47 47 
2 10 10 15 18 18 18 18 18 31 39 42 42 47 47 
3 10 10 16 16 23 23 23 31 31 39 39 43 50 50 
3 3 3 16 19 19 23 23 23 32 39 43 43 44 50 
4 4 4 16 19 19 24 24 32 32 34 43 43 44 50 
5 4 5 17 19 24 24 24 32 32 34 44 44 44 52 
5 5 5 17 17 17 27 27 32 34 34 34 45 48 52 
6 6 13 13 20 20 27 27 27 35 35 34 45 48 52 
6 6 13 13 20 20 28 28 28 36 40 45 45 48 48 
7 7 7 7 20 20 25 25 30 36 40 45 48 48 51 
7 11 11 11 11 25 25 30 30 36 36 36 36 51 51 
