15 15
12 4 3 7 12 9 6 7 7 10 8 7 8 8 4
8 10 5 7 9 3 7 8 14 6 5 9 4 7 10
1 1 1 1 19 19 22 22 32 32 37 41 41 49 49 
2 2 1 1 19 19 22 22 32 32 37 41 41 49 49 
2 2 7 7 19 19 23 23 24 32 37 42 44 44 44 
3 7 7 13 13 13 24 24 24 33 33 42 44 50 51 
3 8 9 13 13 13 25 25 33 33 38 42 44 50 51 
3 8 9 14 14 14 25 26 34 34 38 38 38 50 51 
3 8 9 15 15 14 26 26 34 35 35 35 35 51 51 
4 9 9 15 16 16 26 26 34 34 35 35 45 45 51 
4 4 4 16 16 16 16 29 29 30 39 39 39 45 46 
5 4 4 17 17 17 17 29 29 30 39 40 46 46 46 
5 5 5 18 18 18 18 18 30 30 40 40 47 47 47 
6 10 11 11 11 21 18 30 30 31 40 40 47 47 47 
6 10 12 11 11 21 21 31 31 31 36 43 43 43 43 
6 10 12 12 20 20 27 27 27 36 36 36 43 43 48 
6 10 10 10 20 20 28 28 27 27 36 36 48 48 48 
