15 15
7 7 7 6 7 9 11 8 9 8 10 2 1 9 11
9 6 5 9 10 6 3 4 10 4 9 8 7 10 12
1 1 1 15 15 24 24 30 30 38 38 47 51 51 51 
2 2 2 16 15 24 26 31 31 31 38 47 51 55 55 
2 2 2 16 15 25 26 31 35 31 43 48 52 55 55 
3 3 3 17 17 25 26 26 35 35 43 48 52 56 55 
3 3 3 17 12 25 26 26 36 35 44 44 39 56 56 
4 4 12 12 12 25 25 27 36 39 39 39 39 56 56 
4 9 9 18 18 18 18 27 36 40 40 39 53 57 61 
5 5 13 19 22 22 27 27 37 37 45 45 53 57 61 
6 6 13 19 23 23 23 23 23 41 45 49 53 58 58 
6 10 10 19 19 19 19 32 32 41 45 49 49 58 58 
6 10 10 20 20 20 28 28 32 42 42 49 54 54 59 
6 7 7 14 20 20 20 33 33 42 42 49 54 59 59 
7 7 14 14 14 21 29 29 33 34 42 49 54 59 59 
8 11 11 11 14 21 29 29 29 34 46 50 50 50 59 
8 11 11 21 21 21 21 34 34 34 46 46 46 60 60 
