15 15
11 10 7 7 8 3 6 -1 5 5 7 8 -1 11 -1
7 11 -1 8 -1 6 4 6 -1 7 6 7 9 7 -1
1 1 12 18 18 18 30 30 38 38 42 49 54 54 54 
2 2 12 12 18 18 18 31 38 42 42 49 49 59 62 
3 2 13 13 13 25 31 31 31 42 42 49 49 59 62 
3 2 14 13 13 25 26 31 31 35 45 50 50 59 59 
4 4 14 14 14 14 26 26 35 35 45 51 55 59 59 
5 10 15 15 15 26 26 35 35 36 36 51 55 56 63 
5 10 15 19 19 27 27 36 36 36 43 43 56 56 63 
6 6 16 16 23 27 27 37 36 43 43 43 56 56 63 
6 6 11 11 23 27 32 37 39 39 46 46 46 56 60 
6 11 11 20 20 27 32 33 40 40 44 46 46 46 60 
7 7 7 21 21 21 33 33 33 44 44 52 57 60 60 
7 7 7 22 22 22 34 34 33 33 47 52 57 57 61 
8 8 8 8 24 28 34 34 41 41 47 53 57 61 61 
9 9 9 8 24 28 28 28 41 41 47 53 58 58 64 
9 9 17 17 17 29 29 29 41 41 48 48 58 58 64 
