15 15
9 11 6 10 9 2 8 6 10 10 8 3 8 8 8
10 10 5 7 6 8 10 5 4 6 11 9 7 8 10
1 1 10 10 15 18 24 24 32 36 36 42 42 47 47 
1 1 10 10 15 18 24 28 32 32 32 43 47 47 47 
2 2 2 12 15 19 24 28 29 32 32 43 48 48 52 
3 3 2 12 12 19 24 29 29 33 33 44 48 48 52 
3 3 2 12 12 19 25 25 33 33 37 44 48 52 52 
3 3 2 12 16 16 25 25 34 37 37 44 44 49 56 
4 4 4 11 16 16 20 20 34 34 37 45 49 49 56 
4 4 11 11 16 20 20 20 20 34 35 45 46 53 53 
5 8 8 11 16 21 21 30 30 30 35 46 46 53 53 
5 8 8 8 17 17 21 30 30 35 35 46 46 46 50 
5 8 9 13 17 17 26 26 35 35 39 39 50 50 50 
6 6 9 13 17 22 22 26 26 38 39 39 39 50 54 
6 6 9 13 17 23 27 27 27 38 40 40 51 54 54 
6 9 9 9 14 23 27 31 31 31 41 40 51 55 55 
7 7 7 14 14 14 27 31 31 31 41 41 51 55 55 
