15 15
8 10 2 7 10 2 7 7 6 8 8 11 9 8 11
6 7 9 10 7 9 6 7 7 8 3 5 9 10 11
1 1 11 14 14 14 25 31 31 39 39 44 44 56 56 
1 2 11 15 15 21 25 31 31 31 39 44 53 56 57 
2 2 12 15 15 21 26 32 32 31 44 44 53 57 57 
2 2 12 12 15 21 26 26 26 40 40 48 48 58 58 
3 3 4 16 15 21 27 27 27 27 45 48 48 58 59 
4 3 4 16 16 21 28 33 37 37 45 48 48 59 59 
4 4 4 17 20 20 28 33 37 37 45 49 49 59 59 
5 5 5 17 20 20 29 29 38 41 46 49 49 60 60 
6 5 5 18 20 22 29 29 38 41 46 49 49 60 60 
6 6 6 18 20 22 29 29 38 42 42 42 54 61 61 
6 10 10 10 19 23 30 34 38 43 47 50 54 61 61 
7 7 13 19 19 23 30 34 38 43 47 50 55 55 62 
7 7 13 13 19 23 23 35 35 35 35 51 55 62 62 
8 8 8 13 19 24 24 24 36 36 35 51 52 52 62 
9 9 13 13 19 24 24 36 36 36 36 52 52 52 62 
