15 15
8 8 9 8 10 4 5 8 7 9 9 4 5 9 10
13 13 6 9 5 6 4 11 8 5 6 7 7 7 6
1 1 10 10 10 21 21 27 33 33 33 33 48 48 48 
1 1 10 10 10 21 27 27 27 33 37 33 49 49 48 
1 1 11 15 19 19 19 27 27 37 37 37 50 54 54 
2 7 11 15 15 22 22 22 34 34 34 43 50 50 50 
2 7 8 8 15 22 22 22 34 34 34 43 51 51 51 
3 8 8 15 15 23 23 29 35 35 35 43 43 55 55 
3 8 12 16 16 16 16 29 35 35 38 43 44 55 55 
3 9 12 16 20 20 20 30 30 38 38 44 44 55 55 
3 9 9 17 20 24 24 30 30 39 42 42 52 52 52 
3 3 9 17 17 18 25 30 31 39 39 39 39 52 52 
4 4 4 18 18 18 25 31 31 31 39 45 45 45 45 
5 5 4 4 13 25 25 31 31 40 40 46 53 45 45 
5 5 13 13 13 25 28 28 36 40 40 46 53 56 56 
6 6 13 13 14 26 28 28 36 40 40 47 47 57 57 
6 6 14 14 14 26 26 32 32 41 41 47 47 47 57 
