15 15
8 7 8 7 9 7 4 7 9 9 8 10 10 8 4
9 6 3 9 8 10 8 7 11 8 8 7 7 5 9
1 1 1 18 18 26 26 26 35 35 35 35 51 51 51 
2 2 11 11 18 18 18 18 36 36 35 35 51 54 54 
2 2 12 12 23 23 28 28 28 28 28 43 43 43 54 
3 3 13 13 23 23 29 29 28 41 43 43 43 55 55 
4 3 3 13 23 23 29 29 29 41 44 48 48 55 55 
4 4 14 19 24 24 29 33 33 33 44 48 48 55 49 
4 4 14 19 15 24 30 30 33 33 33 49 49 49 49 
5 4 15 15 15 24 30 30 37 37 45 45 52 52 59 
5 7 16 15 25 25 30 34 34 42 42 45 52 52 59 
6 7 16 15 20 27 27 34 34 42 42 46 52 52 59 
6 7 16 20 20 20 27 34 38 42 46 46 50 56 56 
7 7 16 17 17 27 27 27 38 42 46 50 50 56 56 
8 8 17 17 17 21 21 31 39 39 46 50 50 57 57 
9 9 10 21 21 21 31 31 40 40 47 47 53 53 58 
10 10 10 22 22 22 32 32 40 40 40 47 53 58 58 
