15 15
8 6 8 4 7 10 5 10 7 7 7 7 6 10 11
9 3 3 6 14 6 7 9 6 7 5 11 13 9 5
1 1 10 10 10 10 23 23 31 31 31 31 48 48 53 
1 1 10 13 13 13 13 23 31 36 36 36 48 48 53 
2 1 10 13 13 21 23 23 32 32 32 43 43 53 53 
2 2 2 14 14 21 24 24 24 32 32 43 49 49 53 
3 3 3 3 18 18 25 24 24 37 37 44 49 49 53 
4 8 8 8 18 18 25 25 25 37 38 44 50 50 50 
4 5 8 8 18 18 25 28 28 37 38 38 50 50 55 
5 5 11 11 19 19 19 19 33 38 38 42 42 51 55 
5 5 11 11 11 19 26 29 33 33 42 42 42 51 51 
5 9 9 15 15 15 26 29 29 29 39 39 51 51 51 
6 9 9 16 15 22 22 29 34 39 39 45 45 54 54 
6 6 6 16 15 22 22 30 34 39 39 46 46 46 46 
7 6 12 17 20 20 22 30 30 40 40 40 40 46 46 
7 7 12 17 20 20 27 30 35 35 40 40 52 52 52 
7 7 12 17 17 17 27 30 30 41 41 47 47 52 52 
