15 15
4 8 10 7 2 9 12 9 7 6 8 7 8 7 11
6 5 6 7 9 10 9 7 2 9 8 5 9 10 13
1 1 12 12 17 21 21 21 21 34 38 38 38 47 47 
2 2 12 12 17 17 21 21 26 34 34 38 38 47 47 
2 2 13 13 13 18 26 26 26 34 34 38 45 45 45 
2 3 3 16 18 18 18 29 26 35 35 36 45 45 45 
3 3 3 16 18 22 22 29 29 36 36 36 36 46 52 
4 4 4 16 16 22 22 22 29 29 39 39 46 46 52 
5 5 5 16 15 23 23 30 30 29 39 39 40 48 49 
5 5 14 14 15 23 23 30 30 32 39 39 40 48 49 
6 6 15 15 15 24 24 24 32 32 40 40 40 49 49 
7 10 10 10 15 19 27 27 27 37 37 37 37 50 50 
7 7 10 10 19 19 28 27 27 27 41 37 37 50 50 
8 8 8 8 19 25 28 28 31 31 41 44 44 44 50 
8 11 11 11 19 25 28 28 31 33 42 42 43 44 50 
8 11 11 11 20 20 20 31 31 33 43 43 43 51 51 
9 9 9 9 9 20 20 20 33 33 33 43 43 51 51 
