15 15
8 10 7 9 9 7 9 5 7 7 7 4 8 13 6
4 8 9 13 13 9 5 10 7 4 7 7 9 5 6
1 1 1 13 13 20 20 30 30 34 38 38 38 38 53 
2 2 1 1 13 21 20 30 30 34 39 39 39 39 53 
2 2 10 10 13 21 21 21 32 32 40 40 39 39 53 
3 2 3 14 14 14 21 21 32 32 41 41 41 50 50 
3 3 3 14 14 22 22 26 32 32 35 44 41 41 50 
4 8 8 15 15 22 22 26 26 35 35 44 41 50 50 
4 8 8 15 15 15 26 26 26 36 35 44 45 51 50 
5 5 8 16 16 23 27 27 28 36 35 45 45 51 51 
6 6 11 16 16 23 28 27 28 36 42 46 46 51 51 
6 6 11 16 18 18 28 28 28 31 42 46 46 51 54 
6 6 11 12 12 19 19 31 31 31 43 46 46 49 54 
7 9 9 12 19 19 24 31 33 33 43 47 47 49 54 
7 9 12 12 17 24 24 24 29 33 43 47 49 49 54 
7 9 12 17 17 25 25 29 29 33 37 37 49 52 52 
7 7 7 17 17 17 29 29 29 37 37 48 48 48 52 
