15 15
7 -1 -1 5 6 8 7 8 -1 -1 -1 4 -1 5 4
6 -1 7 7 10 -1 8 -1 7 12 -1 -1 6 10 -1
1 8 8 8 8 8 19 30 30 30 30 43 43 43 43 
1 1 12 12 19 19 19 19 35 35 30 30 45 45 43 
2 9 12 12 14 19 28 28 28 35 35 44 46 52 52 
2 9 13 13 14 25 25 28 28 28 35 44 46 46 55 
3 9 14 14 14 20 25 25 36 36 36 44 46 46 55 
3 3 15 18 18 20 25 31 31 36 36 44 47 47 47 
3 3 15 15 20 20 29 29 31 38 38 38 48 48 48 
4 3 15 15 21 20 20 32 31 31 31 38 38 53 48 
4 4 4 15 21 22 22 32 32 39 39 39 38 53 53 
5 10 10 10 22 22 26 32 32 40 39 39 49 53 53 
5 10 10 10 23 26 26 33 33 40 42 42 49 53 54 
6 6 16 16 23 23 26 33 33 40 42 42 50 54 54 
6 11 11 16 24 27 26 33 37 37 37 41 50 50 50 
7 11 11 11 24 27 27 34 37 37 37 41 50 51 51 
7 7 17 17 24 27 27 34 34 41 41 41 51 51 51 
