15 15
5 -1 7 10 5 10 -1 6 5 -1 9 12 -1 8 9
-1 6 12 -1 11 -1 -1 5 5 -1 -1 8 10 -1 -1
1 1 10 10 22 22 22 29 29 38 38 46 46 46 56 
2 9 9 10 22 22 29 29 29 38 38 46 46 46 56 
2 10 10 10 23 22 23 33 33 38 38 47 47 47 56 
3 3 3 12 23 23 23 33 33 39 39 47 47 47 48 
4 5 12 12 12 26 26 26 33 40 41 48 48 48 48 
4 5 13 18 18 26 26 26 34 40 41 48 51 51 51 
5 5 13 19 19 27 27 27 34 41 41 41 51 52 52 
5 11 13 19 24 24 27 34 34 42 42 41 51 52 52 
6 11 14 14 24 28 30 30 35 35 35 49 49 52 57 
6 6 14 14 20 28 30 35 35 37 37 50 49 53 57 
6 6 15 20 20 28 31 31 37 37 37 50 50 53 53 
7 6 15 15 15 28 31 31 31 43 43 50 50 53 53 
7 7 16 16 15 28 32 36 36 43 43 45 50 54 54 
8 7 17 17 25 25 32 32 36 44 44 45 45 54 54 
8 8 17 21 21 25 32 32 32 44 45 45 45 55 55 
