15 15
-1 6 -1 11 11 9 -1 -1 4 -1 8 6 9 6 -1
7 -1 -1 5 9 -1 5 -1 -1 8 6 8 10 -1 10
1 6 6 6 6 16 16 26 29 29 29 41 45 49 49 
1 1 9 9 16 16 16 26 30 29 29 41 45 49 49 
2 1 9 13 13 21 21 27 30 33 33 41 42 50 50 
2 2 9 13 13 22 21 27 30 33 33 42 42 50 50 
3 2 9 14 14 22 22 27 27 33 33 42 42 51 51 
3 3 9 14 14 14 22 22 31 31 31 43 46 46 51 
3 3 10 10 17 17 24 24 31 31 34 43 43 43 51 
4 7 10 10 17 17 17 24 32 32 34 43 43 52 51 
4 7 10 15 15 15 15 24 32 34 34 38 38 52 52 
4 7 11 11 15 23 23 23 32 35 38 38 38 47 47 
4 8 8 11 18 18 23 23 32 35 36 36 47 47 54 
4 8 8 11 18 18 25 25 28 36 36 36 48 47 54 
5 5 8 12 19 19 25 25 28 37 39 39 48 48 44 
5 5 12 12 12 20 20 20 28 37 40 44 44 44 44 
5 5 12 12 20 20 20 28 28 37 40 40 40 53 53 
