15 15
-1 11 -1 -1 8 3 -1 12 -1 5 7 9 5 -1 11
-1 8 7 -1 8 5 11 6 -1 -1 5 7 -1 -1 7
1 7 10 18 18 23 23 31 31 31 31 45 45 45 45 
1 7 10 18 18 23 26 32 31 37 37 45 48 48 48 
2 7 11 19 19 19 26 32 32 37 37 42 48 53 55 
2 7 11 19 19 19 26 33 33 38 42 42 48 53 55 
2 2 12 12 20 24 24 33 33 38 42 42 48 53 55 
2 2 8 12 20 24 24 27 27 39 43 46 46 46 46 
3 8 8 8 8 24 27 27 27 39 43 43 46 54 46 
3 4 13 13 13 13 27 34 34 40 40 40 49 54 54 
4 4 14 14 14 25 25 34 28 28 40 40 49 49 49 
5 5 15 15 14 14 28 28 28 35 41 40 50 50 50 
5 5 15 15 21 21 21 29 28 35 41 47 50 50 56 
5 5 16 16 21 21 29 29 35 35 41 47 51 51 56 
6 9 9 9 9 21 29 29 35 41 41 44 52 52 56 
6 6 17 17 17 22 29 30 30 30 44 44 52 52 56 
6 6 17 17 22 22 30 30 36 36 44 44 52 52 56 
