15 15
-1 -1 2 5 12 12 -1 4 6 3 -1 9 4 -1 11
3 -1 -1 9 -1 8 -1 -1 7 -1 9 -1 7 -1 6
1 1 12 14 15 23 23 23 34 34 34 44 44 54 54 
2 2 12 14 15 15 23 23 34 34 40 40 48 54 54 
2 7 7 14 15 24 26 28 28 28 40 40 48 55 55 
2 8 7 15 15 24 26 26 28 28 35 40 49 55 55 
2 8 8 8 16 24 24 24 35 35 35 41 49 49 50 
3 8 8 16 16 25 25 29 29 30 41 41 41 50 50 
3 9 9 16 16 25 25 30 30 30 42 42 50 50 50 
3 9 9 9 16 19 19 31 36 30 42 42 51 56 56 
3 10 10 9 19 19 19 31 36 30 42 42 51 56 56 
3 4 10 17 17 17 27 27 37 39 39 45 45 45 45 
4 4 13 13 13 20 21 32 37 39 43 46 46 52 52 
4 4 13 13 20 20 21 32 37 39 43 46 52 52 52 
5 11 11 11 21 21 21 32 32 39 38 46 46 52 58 
5 6 11 18 18 22 22 33 32 38 38 47 53 57 58 
6 6 11 11 22 22 22 33 38 38 38 47 53 57 57 
