15 15
-1 -1 5 5 5 8 6 8 8 9 13 -1 -1 8 -1
9 -1 7 -1 9 7 9 6 5 -1 6 5 -1 11 9
1 1 1 15 20 20 20 33 37 37 46 46 51 51 51 
2 2 12 15 12 25 29 33 37 37 46 49 49 57 51 
3 2 12 12 12 25 29 33 33 26 46 49 49 57 57 
3 2 2 16 16 26 26 26 26 26 46 46 50 57 57 
3 2 11 16 16 27 30 30 38 38 38 50 50 57 59 
4 4 11 16 16 27 30 30 39 38 38 50 50 58 59 
5 5 11 17 17 27 27 34 39 39 39 47 50 58 59 
5 11 11 18 18 21 27 34 39 39 47 47 47 58 58 
6 6 6 13 21 21 27 34 40 40 40 40 52 52 52 
6 7 13 13 13 28 28 28 41 41 40 40 53 53 53 
7 7 13 19 19 22 31 35 41 43 43 43 54 54 60 
7 7 8 19 22 22 31 35 42 44 44 44 55 55 60 
8 8 8 19 23 23 23 23 42 45 45 45 45 55 61 
9 9 14 14 23 23 32 36 36 36 36 48 56 56 61 
10 10 10 10 24 24 32 32 36 36 48 48 56 56 61 
