15 15
12 3 7 9 9 12 11 4 4 6 8 7 7 5 8
7 7 5 8 7 11 5 7 6 7 9 10 7 8 8
1 9 9 17 17 24 24 30 30 39 39 48 49 49 61 
1 2 9 9 17 17 24 31 31 39 39 48 50 50 61 
2 2 12 12 17 17 24 31 31 40 45 45 45 45 56 
3 2 12 12 18 25 25 31 31 40 40 40 51 56 56 
3 2 13 13 18 26 25 32 37 37 40 40 51 57 56 
4 4 4 18 18 26 25 32 37 37 37 37 51 57 56 
5 5 4 18 18 26 19 32 32 41 46 46 52 57 56 
6 6 10 19 19 19 19 33 33 41 41 46 52 57 57 
7 10 10 20 21 27 19 34 34 41 41 41 53 58 58 
7 11 11 20 21 27 27 34 34 42 42 42 53 53 58 
7 11 14 14 22 28 28 28 38 38 38 42 53 53 58 
7 11 14 14 22 22 22 28 36 43 43 43 54 59 59 
8 11 11 15 22 22 29 35 36 44 43 47 54 60 59 
8 8 15 15 23 29 29 35 36 44 47 47 47 60 59 
8 8 16 16 23 29 29 36 36 36 47 47 55 55 59 
