15 15
9 12 8 8 10 4 7 7 5 6 7 9 10 6 9
10 8 6 6 7 7 10 7 9 5 9 8 6 11 8
1 7 7 14 14 22 22 29 29 33 41 41 51 51 51 
1 7 11 14 14 22 22 30 33 33 42 41 41 57 57 
1 7 11 14 14 17 17 30 34 34 42 42 41 52 57 
1 7 12 12 17 17 17 30 34 34 42 48 52 52 52 
1 2 2 2 17 23 23 23 35 35 43 48 48 58 62 
2 2 13 15 18 24 24 27 27 35 43 49 53 58 62 
2 3 13 15 18 19 27 27 27 35 43 49 53 53 53 
3 3 3 15 19 19 27 31 36 36 44 44 54 54 53 
4 3 3 16 20 20 20 31 36 36 36 44 55 54 53 
4 8 8 16 20 20 28 31 37 37 45 45 55 54 54 
4 9 9 9 21 21 28 28 37 37 46 46 47 59 59 
5 5 9 9 21 25 25 32 38 37 47 47 47 47 59 
6 5 5 5 10 25 25 32 38 37 47 39 56 60 59 
6 6 6 6 10 25 25 32 39 39 39 39 56 60 59 
6 10 10 10 10 26 26 32 40 40 40 50 50 61 61 
