15 15
5 11 11 7 7 10 11 8 4 1 3 3 10 11 10
8 10 9 3 4 8 5 3 7 11 7 10 8 8 11
1 10 10 16 16 19 26 26 32 32 38 38 46 46 46 
1 10 10 10 19 19 26 26 32 32 38 38 46 46 52 
2 2 10 17 19 19 26 26 32 32 39 39 46 47 52 
2 2 2 17 20 20 20 20 33 37 39 39 47 47 47 
3 3 14 14 14 21 20 27 33 37 39 44 48 48 53 
3 11 11 11 21 21 27 27 27 37 37 44 48 48 53 
3 11 11 18 21 24 24 27 27 37 37 44 44 45 54 
4 12 12 18 18 24 28 28 28 34 34 45 45 45 54 
4 5 12 18 22 25 28 28 34 34 40 40 49 49 49 
5 5 5 5 22 25 25 25 34 34 41 40 49 49 49 
6 6 15 15 22 22 29 29 29 35 41 42 50 50 50 
7 7 7 7 22 22 29 29 35 35 41 42 50 50 50 
8 13 13 13 13 13 29 30 30 35 42 42 42 51 51 
8 8 9 9 23 13 23 31 36 35 43 43 43 51 51 
9 9 9 9 23 23 23 31 36 36 43 43 43 51 51 
